frame 60
COLORRAM
1010101010101010101010101010101010101010101010101010101010101010
1010101010101010101010101010101010101010101010101010101010101010
1010101010101010101010101010101010101010101010101010101010101010
1010101010101010101010101010101010101010101010101010101010101010
1010101010101010101010101010101010101010101010101010101010101010
1010101010101010101010101010101010101010101010101010101010101010
1010101010101010101010101010101010101010101010101010101010101010
1010101010101010101010101010101010101010101010101010101010101010
1010101010101010101010101010101010101010101010101010101010101010
1010101010101010101010101010101010101010101010101010101010101010
1010101010101010101010101010101010101010101010101010101010101010
1010101010101010101010101010101010101010101010101010101010101010
1010101010101010101010101010101010101010101010101010101010101010
1010101010101010101010101010101010101010101010101010101010101010
1010101010101010101010101010101010101010101010101010101010101010
1010101010101010101010101010101010101010101010101010101010101010
1010101010101010101010101010101010101010101010101010101010101010
1010101010101010101010101010101010101010101010101010101010101010
1010101010101010101010101010101010101010101010101010101010101010
1010101010101010101010101010101010101010101010101010101010101010
1010101010101010101010101010101010101010101010101010101010101010
1010101010101010101010101010101010101010101010101010101010101010
1010101010101010101010101010101010101010101010101010101010101010
1010101010101010101010101010101010101010101010101010101010101010
1010101010101010101010101010101010101010101010101010101010101010
1010101010101010101010101010101010101010101010101010101010101010
1010101010101010101010101010101010101010101010101010101010101010
1010101010101010101010101010101010101010101010101010101010101010
1010101010101010101010101010101010101010101010101010101010101010
1010101010101010101010101010101010101010101010101010101010101010
1010101010101010101010101010101010101010101010101010101010101010
1010101010101010101010101010101010101010101010101010101010101010
VIDEORAM
f1f1f1f1f1f1f1f1f1f1f1f1f1f1f1f1f1f1f1f1f1f1f1f1f1f1f1f1f1f1f1f1
f1f1f1f1f1f1f1f1f1f1f1f1f1f1f1f1f1f1f1f1f1f1f1f1f1f1f1f1f1f1f1f1
5683568356835683568356835683568356835683568356835683568356835683
c7efc7efc7efc7efc7efc7efc7efc7efc7efc7efc7efc7efc7efc7efc7efc7ef
5683568356835683568356835683568356835683568356835683568356835683
c7efc7efc7efc7efc7efc7efc7efc7efc7efc7efc7efc7efc7efc7efc7efc7ef
5683568356835683568356835683568356835683568356835683568356835683
c7efc7efc7efc7efc7efc7efc7efc7efc7efc7efc7efc7efc7efc7efc7efc7ef
5683568356835683568356835683568356835683568356835683568356835683
c7efc7efc7efc7efc7efc7efc7efc7efc7efc7efc7efc7efc7efc7efc7efc7ef
5683568356835683568356835683568356835683568356835683568356835683
c7efc7efc7efc7efc7efc7efc7efc7efc7efc7efc7efc7efc7efc7efc7efc7ef
5683568356835683568356835683568356835683568356835683568356835683
c7efc7efc7efc7efc7efc7efc7efc7efc7efc7efc7efc7efc7efc7efc7efc7ef
5683568356835683568356835683568356835683568356835683568356835683
c7efc7efc7efc7efc7efc7efc7efc7efc7efc7efc7efc7efc7efc7efc7efc7ef
5683568356835683568356835683568356835683568356835683568356835683
c7efc7efc7efc7efc7efc7efc7efc7efc7efc7efc7efc7efc7efc7efc7efc7ef
5683568356835683568356835683568356835683568356835683568356835683
c7efc7efc7efc7efc7efc7efc7efc7efc7efc7efc7efc7efc7efc7efc7efc7ef
5683568356835683568356835683568356835683568356835683568356835683
c7efc7efc7efc7efc7efc7efc7efc7efc7efc7efc7efc7efc7efc7efc7efc7ef
5683568356835683568356835683568356835683568356835683568356835683
c7efc7efc7efc7efc7efc7efc7efc7efc7efc7efc7efc7efc7efc7efc7efc7ef
5683568356835683568356835683568356835683568356835683568356835683
c7efc7efc7efc7efc7efc7efc7efc7efc7efc7efc7efc7efc7efc7efc7efc7ef
5683568356835683568356835683568356835683568356835683568356835683
c7efc7efc7efc7efc7efc7efc7efc7efc7efc7efc7efc7efc7efc7efc7efc7ef
5683568356835683568356835683568356835683568356835683568356835683
c7efc7efc7efc7efc7efc7efc7efc7efc7efc7efc7efc7efc7efc7efc7efc7ef
f1f1f1f1f1f1f1f1f1f1f1f1f1f1f1f1f1f1f1f1f1f1f1f1f1f1f1f1f1f1f1f1
f1f1f1f1f1f1f1f1f1f1f1f1f1f1f1f1f1f1f1f1f1f1f1f1f1f1f1f1f1f1f1f1
SPRITERAM0
0000000000000000000000000000000000000000000000000000000000000000
0000000000000000000000000000000000000000000000000000000000000000
0000000000000000000000000000000000000000000000000000000000000000
0000000000000000000000000000000000000000000000000000000000000000
0000000000000000000000000000000000000000000000000000000000000000
0000000000000000000000000000000000000000000000000000000000000000
0000000000000000000000000000000000000000000000000000000000000000
0000000000000000000000000000000000000000000000000000000000000000
SPRITERAM1
0000000000000000000000000000000000000000000000000000000000000000
0000000000000000000000000000000000000000000000000000000000000000
0000000000000000000000000000000000000000000000000000000000000000
0000000000000000000000000000000000000000000000000000000000000000
0000000000000000000000000000000000000000000000000000000000000000
0000000000000000000000000000000000000000000000000000000000000000
0000000000000000000000000000000000000000000000000000000000000000
0000000000000000000000000000000000000000000000000000000000000000
WORKRAM
0000000000000000000000000000000000000000000000000000000000000000
0000000000000000000000000000000000000000000000000000000000000000
0000000000000000000000000000000000000000000000000000000000000000
0000000000000000000000000000000000000000000000000000000000000000
0000000000000000000000000000000000000000000000000000000000000000
0000000000000000000000000000000000000000000000000000000000000000
0000000000000000000000000000000000000000000000000000000000000000
0000000000000000000000000000000000000000000000000000000000000000
0000000000000000000000000000000000000000000000000000000000000000
0000000000000000000000000000000000000000000000000000000000000000
0000000000000000000000000000000000000000000000000000000000000000
0000000000000000000000000000000000000000000000000000000000000000
0000000000000000000000000001000000000000000000000000000000000000
0000000000000000000000000000000000000000000000000000000000000000
0003010003000100000100000138000000000000000000000000000000000000
00000000000000000000000b0000000000000000000000000000000000000000
0000000000000000000000000000000000000000000000000000000000000000
0000000000000000000000000000000000000000000000000000000000000000
0000000000000000000000000000000000000000000000000000000000000000
0000000000000000000000000000000000000000000000000000000000000000
0000000000000000000000000000000000000000000000000000000000000000
0000000000000000000000000000000000000000000000000000000000000000
0000000000000000000000000000000000000000000000000000000000000000
0000000000000000000000000000000000000000000000000000000000000000
0000000000000000000000017c1168f1010088003b11a5f1026084003811fdf1
03206500681168f104004300bf11a5f1ff05f68032179cc9dd217498fdbf24ae
4600000000000000000000000000000000000000000000000000000000000000
0000000000000000000000000000000000000000000000000000000000000000
0000000000000000000000000000000000000000000000000000000000000000
0000000000000000000000000000000000000000000000000000000000000000
0000000000000000000000000000000000000000000000000000000000000000
0000000000000000000000000000000000000000000000000000000000000000
ffffffffffffffffffffffffffffffffffffffffffffffffffffffffffffffff
ffffffffffffffffffffffffffffffffffffffffffffffffffffffffffffffff
0000000000000000000000000000000000000000000000000000000000000000
0000000000000000000000000000000000000000000000000000000000000000
0000000000000000000000000000000000000000000000000000000000000000
0000000000000000000000000000000000000000000000000000000000000000
0000000000000000000000000000000000000000000000000000000000000000
0000000000000000000000000000000000000000000000000000000000000000
0000000000000000000000000000000000000000000000000000000000000000
0000000000000000000000000000000000000000000000000000000000000000
0000000000000000000000000000000000000000000000000000000000000000
0000000000000000000000000000000000000000000000000000000000000000
0000000000000000000000000000000000000000000000000000000000000000
0000000000000000000000000000000000000000000000000000000000000000
0000000000000000000000000000000000000000000000000000000000000000
0000000000000000000000000000000000000000000000000000000000000000
04ae000000000000000000000000000000000000000000000000000000000000
0000000000000000000000000000000000000000000000000000000000000000
0000000000000000000000000000000000000000000000000000000000000000
0000000000000000000000000000000000000000000000000000000000000000
84ae000000000000000000000000000000000000000000000000000000000000
0000000000000000000000000000000000000000000000000000000000000000
0000000000000000000000000000000000000000000000000000000000000000
0000000000000000000000000000000000000000000000000000000000000000
0000000000000000000000000000000000000000000000000000000000000000
0000000000000000000000000000000000000000000000000000000000000000
0000000000000000000000000000000000000000000000000000000000000000
0000000000000000000000000000000000000000000000000000000000000000
0000000000000000000000000000000000000000000000000000000000000000
0000000000000000000000000000000000000000000000000000000000000000
0000000000000000000000000000000000000000000000000000000000000000
00000000000000000000000000000000000000000000000000009ea7bf00c449
END
