frame 180
COLORRAM
1010101010101010101010101010101010101010101010101010101010101010
1010101010101010101010101010101010101010101010101010101010101010
1010101010101010101010101010101010101010101010101010101010101010
1010101010101010101010101010101010101010101010101010101010101010
1010101010101010101010101010101010101010101010101010101010101010
1010101010101010101010101010101010101010101010101010101010101010
1010101010101010101010101010101010101010101010101010101010101010
1010101010101010101010101010101010101010101010101010101010101010
1010101010101010101010101010101010101010101010101010101010101010
1010101010101010101010101010101010101010101010101010101010101010
1010101010101010101010101010101010101010101010101010101010101010
1010101010101010101010101010101010101010101010101010101010101010
1010101010101010101010101010101010101010101010101010101010101010
1010101010101010101010101010101010101010101010101010101010101010
1010101010101010101010101010101010101010101010101010101010101010
1010101010101010101010101010101010101010101010101010101010101010
1010101010101010101010101010101010101010101010101010101010101010
1010101010101010101010101010101010101010101010101010101010101010
1010101010101010101010101010101010101010101010101010101010101010
1010101010101010101010101010101010101010101010101010101010101010
1010101010101010101010101010101010101010101010101010101010101010
1010101010101010101010101010101010101010101010101010101010101010
1010101010101010101010101010101010101010101010101010101010101010
1010101010101010101010101010101010101010101010101010101010101010
1010101010101010101010101010101010101010101010101010101010101010
1010101010101010101010101010101010101010101010101010101010101010
1010101010101010101010101010101010101010101010101010101010101010
1010101010101010101010101010101010101010101010101010101010101010
1010101010101010101010101010101010101010101010101010101010101010
1010101010101010101010101010101010101010101010101010101010101010
1010101010101010101010101010101010101010101010101010101010101010
1010101010101010101010101010101010101010101010101010101010101010
VIDEORAM
f1f1f1f1f1f1f1f1f1f1f1f1f1f1f1f1f1f1f1f1f1f1f1f1f1f1f1f1f1f1f1f1
f1f1f1f1f1f1f1f1f1f1f1f1f1f1f1f1f1f1f1f1f1f1f1f1f1f1f1f1f1f1f1f1
5683568356835683568356835683568356835683568356835683568356835683
c7efc7efc7efc7efc7efc7efc7efc7efc7efc7efc7efc7efc7efc7efc7efc7ef
5683568356835683568356835683568356835683568356835683568356835683
c7efc7efc7efc7efc7efc7efc7efc7efc7efc7efc7efc7efc7efc7efc7efc7ef
5683568356835683568356835683568356835683568356835683568356835683
c7efc7efc7efc7efc7efc7efc7efc7efc7efc7efc7efc7efc7efc7efc7efc7ef
5683568356835683568356835683568356835683568356835683568356835683
c7efc7efc7efc7efc7efc7efc7efc7efc7efc7efc7efc7efc7efc7efc7efc7ef
5683568356835683568356835683568356835683568356835683568356835683
c7efc7efc7efc7efc7efc7efc7efc7efc7efc7efc7efc7efc7efc7efc7efc7ef
5683568356835683568356835683568356835683568356835683568356835683
c7efc7efc7efc7efc7efc7efc7efc7efc7efc7efc7efc7efc7efc7efc7efc7ef
5683568356835683568356835683568356835683568356835683568356835683
c7efc7efc7efc7efc7efc7efc7efc7efc7efc7efc7efc7efc7efc7efc7efc7ef
5683568356835683568356835683568356835683568356835683568356835683
c7efc7efc7efc7efc7efc7efc7efc7efc7efc7efc7efc7efc7efc7efc7efc7ef
5683568356835683568356835683568356835683568356835683568356835683
c7efc7efc7efc7efc7efc7efc7efc7efc7efc7efc7efc7efc7efc7efc7efc7ef
5683568356835683568356835683568356835683568356835683568356835683
c7efc7efc7efc7efc7efc7efc7efc7efc7efc7efc7efc7efc7efc7efc7efc7ef
5683568356835683568356835683568356835683568356835683568356835683
c7efc7efc7efc7efc7efc7efc7efc7efc7efc7efc7efc7efc7efc7efc7efc7ef
5683568356835683568356835683568356835683568356835683568356835683
c7efc7efc7efc7efc7efc7efc7efc7efc7efc7efc7efc7efc7efc7efc7efc7ef
5683568356835683568356835683568356835683568356835683568356835683
c7efc7efc7efc7efc7efc7efc7efc7efc7efc7efc7efc7efc7efc7efc7efc7ef
5683568356835683568356835683568356835683568356835683568356835683
c7efc7efc7efc7efc7efc7efc7efc7efc7efc7efc7efc7efc7efc7efc7efc7ef
f1f1f1f1f1f1f1f1f1f1f1f1f1f1f1f1f1f1f1f1f1f1f1f1f1f1f1f1f1f1f1f1
f1f1f1f1f1f1f1f1f1f1f1f1f1f1f1f1f1f1f1f1f1f1f1f1f1f1f1f1f1f1f1f1
SPRITERAM0
0000000000000000000000000000000000000000000000000000000000000000
0000000000000000000000000000000000000000000000000000000000000000
0000000000000000000000000000000000000000000000000000000000000000
0000000000000000000000000000000000000000000000000000000000000000
0000000000000000000000000000000000000000000000000000000000000000
0000000000000000000000000000000000000000000000000000000000000000
0000000000000000000000000000000000000000000000000000000000000000
0000000000000000000000000000000000000000000000000000000000000000
SPRITERAM1
0000000000000000000000000000000000000000000000000000000000000000
0000000000000000000000000000000000000000000000000000000000000000
0000000000000000000000000000000000000000000000000000000000000000
0000000000000000000000000000000000000000000000000000000000000000
0000000000000000000000000000000000000000000000000000000000000000
0000000000000000000000000000000000000000000000000000000000000000
0000000000000000000000000000000000000000000000000000000000000000
0000000000000000000000000000000000000000000000000000000000000000
END
